1.772529 
1.915299 
1.891616 
1.781247 
1.852450 
1.824758 
1.815598 
1.872521 
1.857450 
1.811481 
1.858111 
1.884589 
1.849943 
1.745027 
1.848492 
1.895011 
1.841873 
1.870811 
1.877793 
1.866214 
1.910887 
1.853190 
1.853499 
1.918085 
1.819487 
1.857568 
1.864294 
1.837730 
1.786691 
1.835890 
1.849481 
1.867077 
1.851699 
1.832204 
1.938422 
1.879727 
1.923677 
1.854295 
1.822483 
1.865151 
1.827546 
1.794176 
1.917521 
1.857182 
1.948057 
1.911887 
1.934154 
1.797502 
1.895040 
1.918793 
1.854717 
1.802441 
1.885780 
1.888132 
1.839326 
1.865516 
1.792966 
1.890108 
1.768860 
1.902629 
1.823006 
1.887958 
1.889929 
1.850480 
1.824919 
1.872345 
1.841160 
1.884447 
1.942874 
1.892204 
1.914567 
1.943936 
1.882081 
1.881495 
1.816494 
1.878537 
1.840526 
1.829636 
1.850820 
1.859424 
1.857638 
1.876888 
1.799089 
1.881072 
1.900004 
1.898191 
1.862450 
1.814506 
1.892279 
1.790898 
1.840245 
1.948969 
1.824033 
1.948237 
1.855169 
1.910486 
1.814863 
1.824220 
1.895608 
1.798704 
1.895594 
1.875449 
1.803468 
1.953660 
1.918454 
1.920748 
1.900331 
1.863802 
1.917711 
1.840600 
1.838788 
1.837802 
1.836116 
1.782681 
1.879624 
1.854193 
1.834342 
1.891572 
1.907697 
1.920524 
1.859926 
1.869778 
1.830654 
1.855798 
1.883392 
1.808050 
1.829357 
1.878675 
1.855255 
1.841249 
1.876107 
1.804461 
1.932059 
1.811037 
1.731361 
1.835173 
1.787891 
1.884700 
1.868250 
1.852120 
1.790987 
1.888921 
1.865103 
1.916411 
1.887605 
1.841837 
1.921511 
1.863865 
1.861748 
1.899874 
1.830928 
1.870157 
1.853457 
1.901807 
1.820574 
1.819227 
1.888650 
1.829280 
1.935862 
1.878807 
1.855022 
1.901588 
1.803630 
1.910071 
1.878407 
1.927471 
1.904061 
1.846857 
1.848032 
1.855652 
1.801175 
1.837984 
1.814708 
1.932697 
1.841950 
1.794941 
1.834841 
1.869528 
1.799154 
1.867990 
1.875990 
1.845277 
1.837607 
1.908552 
1.839248 
1.913435 
1.848473 
1.840925 
1.930457 
1.915287 
1.799750 
1.816416 
1.811708 
1.958993 
1.840187 
1.920288 
1.853949 
1.860886 
1.797330 
1.904569 
1.894483 
1.909714 
1.841855 
1.848112 
1.755482 
1.865099 
1.754833 
1.833632 
1.852130 
1.863203 
1.853257 
1.849558 
1.898078 
1.863270 
1.903148 
1.809344 
1.831312 
1.894995 
1.873813 
1.885057 
1.849448 
1.881780 
1.901725 
1.805016 
1.787822 
1.893439 
1.842322 
1.881879 
1.816902 
1.881362 
1.904139 
1.945142 
1.817269 
1.876023 
1.828961 
1.876488 
1.868815 
1.877121 
1.830123 
1.763156 
1.905940 
1.783560 
1.820757 
1.838555 
1.796501 
1.870585 
1.907020 
1.836860 
1.892806 
1.909130 
1.825285 
1.849811 
1.861419 
1.842935 
1.858248 
1.879629 
1.776343 
1.816601 
1.840340 
1.806077 
1.937344 
1.807307 
1.869847 
1.800228 
1.895423 
1.871121 
1.795224 
1.865271 
1.793129 
1.815725 
1.816527 
1.861301 
1.819789 
1.861943 
1.932953 
1.760388 
1.860272 
1.860129 
1.867515 
1.806871 
1.877665 
1.907902 
1.813662 
1.818165 
1.866317 
1.809372 
1.933554 
1.945310 
1.803326 
1.783171 
1.767028 
1.865520 
1.893105 
1.971795 
1.825325 
1.772943 
1.734056 
1.849491 
1.792605 
1.849160 
1.801707 
1.857857 
1.913128 
1.852221 
1.875857 
1.840841 
1.864767 
1.902191 
1.909014 
1.838521 
1.805184 
1.851399 
1.833767 
1.865771 
1.882832 
1.833716 
1.868089 
1.782871 
1.846393 
1.845457 
1.886465 
1.826495 
1.800920 
1.816362 
1.775534 
1.871859 
1.802937 
1.857091 
1.898143 
1.821370 
1.878782 
1.800104 
1.840741 
1.865027 
1.826817 
1.905383 
1.861249 
1.776043 
1.921730 
1.822612 
1.804740 
1.884829 
1.846903 
1.833793 
1.785442 
1.885752 
1.842884 
1.879657 
1.820127 
1.877031 
1.775211 
1.864243 
1.838112 
1.928023 
1.861915 
1.889273 
1.922473 
1.827076 
1.864521 
1.891380 
1.855253 
1.809729 
1.860026 
1.868869 
1.860155 
1.893581 
1.957128 
1.819508 
1.817191 
1.879592 
1.861697 
1.904825 
1.825455 
1.899481 
1.829425 
1.783796 
1.814230 
1.846973 
1.838106 
1.855306 
1.863429 
1.944489 
1.899797 
1.810720 
1.739704 
1.837986 
1.959598 
1.891345 
1.923656 
1.921941 
1.864360 
1.855606 
1.838221 
1.814036 
1.898943 
1.875576 
1.853267 
1.830479 
1.793858 
1.889059 
1.906445 
1.852755 
1.886129 
1.834734 
1.825520 
1.837086 
1.810125 
1.876154 
1.881124 
1.816139 
1.836565 
1.852815 
1.858541 
1.879035 
1.876012 
1.814251 
1.857041 
1.880193 
1.889344 
1.941701 
1.922805 
1.856864 
1.760217 
1.882191 
1.966479 
1.849560 
1.845898 
1.847982 
1.847808 
1.904404 
1.827937 
1.918589 
1.926415 
1.891810 
1.900820 
1.767446 
1.869918 
1.895358 
1.905984 
1.886935 
1.766881 
1.799381 
1.818162 
1.802092 
1.916478 
1.808497 
1.882647 
1.845652 
1.837518 
1.871767 
1.839660 
1.836454 
1.866410 
1.911276 
1.900025 
1.825240 
1.820541 
1.850229 
1.830212 
1.917354 
1.844451 
1.839406 
1.881895 
1.801478 
1.802646 
1.812037 
1.910090 
1.788524 
1.889302 
1.856734 
1.847638 
1.834051 
1.795783 
1.868581 
1.783385 
1.856931 
1.809381 
1.856711 
1.861553 
1.845770 
1.753945 
1.762868 
1.937156 
1.889726 
1.838262 
1.873089 
1.897297 
1.934124 
1.829613 
1.942441 
1.832266 
1.877727 
1.804846 
1.881064 
1.968353 
1.861678 
1.839796 
1.888016 
1.879426 
1.866793 
1.870836 
1.821166 
1.799861 
1.840372 
1.890865 
1.877327 
1.868165 
1.824747 
1.907529 
1.829175 
1.843151 
1.795747 
1.803531 
1.898519 
1.896179 
1.849550 
1.862729 
1.880502 
1.849668 
1.835868 
1.797136 
1.790785 
1.855303 
1.878781 
1.807772 
1.870094 
1.839262 
1.832839 
1.921502 
1.777642 
1.787066 
1.976468 
1.850966 
1.889072 
1.845905 
1.786641 
1.899530 
1.826279 
1.838418 
1.837157 
1.800145 
1.842257 
1.806634 
1.907147 
1.858540 
1.966787 
1.874774 
1.866090 
1.909323 
1.792782 
1.888354 
1.880991 
1.871979 
1.909263 
1.866159 
1.810202 
1.780947 
1.816505 
1.817687 
1.806035 
1.775041 
1.837505 
1.899765 
1.780759 
1.901781 
1.879582 
1.923684 
1.819639 
1.892477 
1.884921 
1.808550 
1.862007 
1.891733 
1.843321 
1.813684 
1.884615 
1.835808 
1.873079 
1.882229 
1.799442 
1.901580 
1.853986 
1.881743 
1.863175 
1.837163 
1.901061 
1.884379 
1.871713 
1.797609 
1.852737 
1.849999 
1.904215 
1.858390 
1.854031 
1.853965 
1.901983 
1.867573 
1.741107 
1.837037 
1.952695 
1.802778 
1.884492 
1.849508 
1.813493 
1.844259 
1.805830 
1.895865 
1.858998 
1.839570 
1.849495 
1.877352 
1.849302 
1.829040 
1.926593 
1.903109 
1.864776 
1.831524 
1.834689 
1.807362 
1.776348 
1.832037 
1.846682 
1.825055 
1.795570 
1.762647 
1.874503 
1.856561 
1.898373 
1.950921 
1.825072 
1.803077 
1.821159 
1.908678 
1.845662 
1.806685 
1.875060 
1.856890 
1.894583 
1.892731 
1.848932 
1.848933 
1.888939 
1.928122 
1.780550 
1.745903 
1.865031 
1.787815 
1.855436 
1.902391 
1.848326 
1.944340 
1.834675 
1.809125 
1.886547 
1.853822 
1.860875 
1.896426 
1.881646 
1.814197 
1.765629 
1.844416 
1.873828 
1.828753 
1.906047 
1.753551 
1.869522 
1.853500 
1.826325 
1.852837 
1.872812 
1.857031 
1.804850 
1.895943 
1.808689 
1.882501 
1.826471 
1.869827 
1.873739 
1.835252 
1.831638 
1.869371 
1.904207 
1.820361 
1.897214 
1.762084 
1.847148 
1.865800 
1.866675 
1.894778 
1.852657 
1.907860 
1.838142 
1.746383 
1.835096 
1.861106 
1.861676 
1.903999 
1.889044 
1.922934 
1.907337 
1.927538 
1.793350 
1.733547 
1.847392 
1.891852 
1.869165 
1.765308 
1.849543 
1.840292 
1.904327 
1.879865 
1.894086 
1.756060 
1.787449 
1.865102 
1.808126 
1.817144 
1.864201 
1.850826 
1.825844 
1.827740 
1.840274 
1.874551 
1.822334 
1.884688 
1.746311 
1.895142 
1.956925 
1.861244 
1.882553 
1.907109 
1.854790 
1.863525 
1.808405 
1.888383 
1.852535 
1.857123 
1.875242 
1.901492 
1.817229 
1.907256 
1.798405 
1.759866 
1.870240 
1.916878 
1.761346 
1.733853 
1.847703 
1.880293 
1.840939 
1.821970 
1.900112 
1.850921 
1.775994 
1.887511 
1.820699 
1.868297 
1.861777 
1.869877 
1.836279 
1.874594 
1.772281 
1.866794 
1.820655 
1.856225 
1.903672 
1.861124 
1.833276 
1.804704 
1.948770 
1.900613 
1.897303 
1.884186 
1.861674 
1.855364 
1.860193 
1.856284 
1.846691 
1.866276 
1.864555 
1.791126 
1.801068 
1.881636 
1.897154 
1.842477 
1.940725 
1.839529 
1.894166 
1.836899 
1.836691 
1.993447 
1.906025 
1.874289 
1.813525 
1.842579 
1.905336 
1.960782 
1.821780 
1.856143 
1.861554 
1.741272 
1.825059 
1.825087 
1.845663 
1.856880 
1.841652 
1.808484 
1.832591 
1.919790 
1.904270 
1.804314 
1.834550 
1.866446 
1.799385 
1.910151 
1.919728 
1.858652 
1.913692 
1.853698 
1.847472 
1.846112 
1.913451 
1.916708 
1.890395 
1.924150 
1.827674 
1.932222 
1.776613 
1.857806 
1.900359 
1.830339 
1.814127 
1.815752 
1.904493 
1.818020 
1.894833 
1.812929 
1.835618 
1.941128 
1.800065 
1.773685 
1.782414 
1.947666 
1.900174 
1.806068 
1.864513 
1.839209 
1.826603 
1.913675 
1.815715 
1.807536 
1.823510 
1.857667 
1.880128 
1.903926 
1.899530 
1.809176 
1.852027 
1.895834 
1.814995 
1.908571 
1.842902 
1.784634 
1.890325 
1.833152 
1.799723 
1.844612 
1.869367 
1.774593 
1.803292 
1.886425 
1.857758 
1.855297 
1.860390 
1.880769 
1.763990 
1.896616 
1.892165 
1.896452 
1.851324 
1.849704 
1.842176 
1.827062 
1.820242 
1.921546 
1.887759 
1.890322 
1.857392 
1.845367 
1.852855 
1.914680 
1.928913 
1.864010 
1.809861 
1.799641 
1.868543 
1.793793 
1.826289 
1.901154 
1.897284 
1.808427 
1.886599 
1.797833 
1.867651 
1.845994 
1.885019 
1.807737 
1.874689 
1.857918 
1.798442 
1.845840 
1.872250 
1.856068 
1.944633 
1.888534 
1.870254 
1.827585 
1.867766 
1.864902 
1.869214 
1.894966 
1.817925 
1.803878 
1.870990 
1.896342 
1.880035 
1.866400 
1.896763 
1.908280 
1.859263 
1.943313 
1.817038 
1.820403 
1.808793 
1.829568 
1.812770 
1.878918 
1.826929 
1.783625 
1.949917 
1.846287 
1.958889 
1.759547 
1.824841 
1.828229 
1.872329 
1.836535 
1.847021 
1.910810 
1.865544 
1.862884 
1.815458 
1.827120 
1.806382 
1.855006 
1.844542 
1.874029 
1.842662 
1.810206 
1.863989 
1.891712 
1.860512 
1.867080 
1.937654 
1.911874 
1.838849 
1.808853 
1.800856 
1.873823 
1.743973 
1.875753 
1.934913 
1.865473 
1.831555 
1.786891 
1.910878 
1.923478 
1.822432 
1.823419 
1.846674 
1.807090 
1.884547 
1.852697 
1.783815 
1.823107 
1.852650 
1.887174 
1.801674 
1.875222 
1.908439 
1.929742 
1.923008 
1.878739 
1.844186 
1.856003 
1.857751 
1.819172 
1.904822 
1.826524 
1.946938 
1.856840 
1.856043 
1.909791 
1.883094 
1.885241 
1.807930 
1.769072 
1.760808 
1.843163 
1.746471 
1.852845 
1.809539 
1.833242 
1.796512 
1.839109 
1.865937 
1.807563 
1.826147 
1.898664 
1.791056 
1.799301 
1.898239 
1.841656 
1.842565 
1.829006 
1.797396 
1.830816 
1.890420 
1.814271 
1.847500 
1.813926 
1.855937 
1.773383 
1.880120 
1.851830 
1.903851 
1.848420 
1.913845 
1.847766 
1.764897 
1.839928 
1.897569 
1.880492 
1.829581 
1.844804 
1.848390 
1.858523 
1.815435 
1.835515 
1.826671 
1.882517 
1.858750 
1.867727 
1.795356 
1.827645 
1.824747 
1.837831 
1.812486 
1.896905 
1.760824 
1.887363 
1.832136 
1.775370 
1.882700 
1.804924 
1.855228 
1.834095 
1.867083 
1.865313 
1.883745 
1.857501 
1.798823 
1.840434 
1.768129 
1.894037 
1.819789 
1.872947 
1.815693 
1.773898 
1.848892 
1.849154 
1.812723 
1.793603 
1.858461 
1.794464 
1.854697 
1.841966 
1.897718 
1.838162 
1.804580 
1.813653 
1.877082 
1.802026 
1.831195 
1.931766 
1.905393 
1.913696 
1.892346 
1.894619 
1.878950 
1.766057 
1.813001 
1.846586 
1.962205 
1.853052 
1.846572 
1.837229 
1.795903 
1.892717 
1.838905 
1.799145 
1.832673 
1.878219 
1.860920 
1.839137 
1.828843 
1.897602 
1.858530 
1.918623 
1.849524 
1.814166 
1.879758 
1.853120 
1.860382 
1.945532 
1.946742 
1.828058 
1.931196 
1.843420 
1.902945 
1.862493 
1.922474 
1.908747 
1.830283 
1.776956 
1.827004 
1.874478 
1.935660 
1.838818 
1.798821 
1.868545 
1.789727 
1.870970 
1.840904 
1.826609 
1.848043 
1.859434 
1.900606 
1.949413 
1.823037 
1.789535 
1.855262 
1.838144 
1.823163 
1.857977 
1.902386 
1.729035 
1.847795 
1.836275 
1.944330 
1.860427 
1.916437 
1.813425 
1.873464 
1.913299 
1.897749 
1.886763 
1.915911 
1.824958 
1.872874 
1.824599 
1.809124 
1.907930 
1.897376 
1.846618 
1.844871 
1.859436 
1.794925 
1.883584 
1.859347 
1.801035 
1.897734 
1.836134 
1.849832 
1.814607 
1.866318 
1.852732 
1.831687 
1.914014 
1.931216 
1.865209 
1.880771 
1.837422 
1.851022 
1.841926 
1.938132 
1.846251 
1.831119 
1.846320 
1.834520 
1.890044 
1.909910 
1.881113 
1.853970 
1.911529 
1.776070 
1.829360 
1.886414 
1.806975 
1.880453 
1.838036 
1.920663 
1.834648 
1.844740 
1.843069 
1.876916 
1.878717 
1.826567 
1.754328 
1.812592 
1.824720 
1.857281 
1.760373 
1.847635 
1.835495 
1.842798 
1.910665 
1.866308 
1.919346 
1.766079 
1.833575 
1.950475 
1.862684 
1.826753 
1.859715 
1.832528 
1.861066 
1.918052 
1.769127 
1.844610 
1.784891 
1.844068 
1.841616 
1.916727 
1.933822 
1.865364 
1.878450 
1.806319 
1.852774 
1.805452 
1.915865 
1.774374 
1.884156 
1.909685 
1.853723 
1.846494 
1.898437 
1.814602 
1.899474 
1.971059 
1.905571 
1.806604 
1.853909 
1.821148 
1.850950 
1.800251 
1.802417 
1.838412 
1.922710 
1.833696 
1.818905 
1.847371 
1.849036 
1.892548 
1.825053 
1.912693 
1.819633 
1.939259 
1.840266 
1.786825 
1.741426 
1.699750 
1.761267 
1.743332 
1.693292 
1.756439 
1.741519 
1.757541 
1.747332 
1.714738 
1.768952 
1.744071 
1.705276 
1.729786 
1.739966 
1.779574 
1.724085 
1.753340 
1.732886 
1.769347 
1.705329 
1.772956 
1.724514 
1.741819 
1.709059 
1.699264 
1.793043 
1.757736 
1.742698 
1.771110 
1.750125 
1.740492 
1.753455 
1.715072 
1.734696 
1.723801 
1.768072 
1.705512 
1.734347 
1.715528 
1.798923 
1.692230 
1.762147 
1.660357 
1.741733 
1.725257 
1.836993 
1.700543 
1.709839 
1.735259 
1.702666 
1.695221 
1.766803 
1.742887 
1.759450 
1.795301 
1.747332 
1.812880 
1.709794 
1.787371 
1.786505 
1.707175 
1.738234 
1.700262 
1.683153 
1.718989 
1.740527 
1.761576 
1.748409 
1.731132 
1.797526 
1.723083 
1.756668 
1.705149 
1.732202 
1.745198 
1.712591 
1.754931 
1.789304 
1.753869 
1.745991 
1.730972 
1.721049 
1.767327 
1.752456 
1.827135 
1.719019 
1.826519 
1.776264 
1.646980 
1.721671 
1.742343 
1.738303 
1.677225 
1.711012 
1.748078 
1.699386 
1.694740 
1.792510 
1.745301 
1.774949 
1.700919 
1.707772 
1.759593 
1.723040 
1.784651 
1.765844 
1.769616 
1.687638 
1.657707 
1.786926 
1.710881 
1.760754 
1.663673 
1.757506 
1.726079 
1.724457 
1.768602 
1.725978 
1.728746 
1.751897 
1.793683 
1.799932 
1.707721 
1.790054 
1.804483 
1.734615 
1.697818 
1.738995 
1.714766 
1.804064 
1.721067 
1.776441 
1.788826 
1.744517 
1.775184 
1.783104 
1.741929 
1.722726 
1.776514 
1.702903 
1.734187 
1.693542 
1.789712 
1.707106 
1.749184 
1.693648 
1.701369 
1.755861 
1.690926 
1.754504 
1.719609 
1.772003 
1.688838 
1.679131 
1.771275 
1.733120 
1.774923 
1.689822 
1.771847 
1.731394 
1.747985 
1.790499 
1.805311 
1.751938 
1.701995 
1.687028 
1.780379 
1.714768 
1.782550 
1.759265 
1.743663 
1.762945 
1.736724 
1.770504 
1.812500 
1.732881 
1.773938 
1.744071 
1.754066 
1.792302 
1.767604 
1.691583 
1.704471 
1.690414 
1.751562 
1.721477 
1.776353 
1.776278 
1.733485 
1.719340 
1.770938 
1.760255 
1.762004 
1.668981 
1.643614 
1.725556 
1.738193 
1.716259 
1.722185 
1.749565 
1.781745 
1.719231 
1.776175 
1.792942 
1.775012 
1.785338 
1.762235 
1.834299 
1.692400 
1.800371 
1.752645 
1.691399 
1.720714 
1.767393 
1.709152 
1.775325 
1.710944 
1.738424 
1.784425 
1.762253 
1.744776 
1.715203 
1.831154 
1.800954 
1.678368 
1.684035 
1.773757 
1.769240 
1.756486 
1.749335 
1.768047 
1.714961 
1.717560 
1.786419 
1.668707 
1.697997 
1.714551 
1.676120 
1.716080 
1.777290 
1.721364 
1.792464 
1.709641 
1.739340 
1.798974 
1.770394 
1.747559 
1.738727 
1.735267 
1.674343 
1.747012 
1.816494 
1.779687 
1.776790 
1.808770 
1.723592 
1.669914 
1.766641 
1.678160 
1.753127 
1.751942 
1.792025 
1.756759 
1.747545 
1.721117 
1.711722 
1.768098 
1.679349 
1.775606 
1.778857 
1.781578 
1.696787 
1.753840 
1.728594 
1.825863 
1.789459 
1.719099 
1.771711 
1.712594 
1.696068 
1.751857 
1.826853 
1.665266 
1.747207 
1.794008 
1.702483 
1.726560 
1.714396 
1.748579 
1.754950 
1.693469 
1.760873 
1.761950 
1.822729 
1.792271 
1.774991 
1.712418 
1.699364 
1.735557 
1.774035 
1.749782 
1.771373 
1.738725 
1.760995 
1.733367 
1.747101 
1.767057 
1.716343 
1.697759 
1.820878 
1.743632 
1.712057 
1.754830 
1.740599 
1.819636 
1.812783 
1.709765 
1.754942 
1.743388 
1.715151 
1.730475 
1.804148 
1.764509 
1.788094 
1.734838 
1.701848 
1.781528 
1.682189 
1.829407 
1.786381 
1.715307 
1.732539 
1.717604 
1.773289 
1.717152 
1.786112 
1.681600 
1.733167 
1.724967 
1.794134 
1.772573 
1.681259 
1.793941 
1.748392 
1.737667 
1.751043 
1.706633 
1.741945 
1.713014 
1.682602 
1.777148 
1.703622 
1.761249 
1.791623 
1.721921 
1.720957 
1.706070 
1.794989 
1.756014 
1.784596 
1.732981 
1.710266 
1.748896 
1.773285 
1.818821 
1.795027 
1.714900 
1.689149 
1.661735 
1.765552 
1.769942 
1.732364 
1.750374 
1.712133 
1.697117 
1.755463 
1.811526 
1.764022 
1.778957 
1.791098 
1.795812 
1.706659 
1.710233 
1.705351 
1.735329 
1.789310 
1.828813 
1.725407 
1.679170 
1.786953 
1.698436 
1.764741 
1.731761 
1.703100 
1.735558 
1.746945 
1.758465 
1.786398 
1.727579 
1.738188 
1.729154 
1.790305 
1.749846 
1.744370 
1.786510 
1.712856 
1.741216 
1.759264 
1.748702 
1.736800 
1.741328 
1.826252 
1.758919 
1.665810 
1.742875 
1.694513 
1.726130 
1.798218 
1.677885 
1.675138 
1.691567 
1.839111 
1.745005 
1.712715 
1.690661 
1.777365 
1.696084 
1.708614 
1.718955 
1.750860 
1.721321 
1.790057 
1.794257 
1.795389 
1.791757 
1.723509 
1.710233 
1.753171 
1.784249 
1.671931 
1.714361 
1.738069 
1.838626 
1.729870 
1.743355 
1.718473 
1.752769 
1.743138 
1.662622 
1.789385 
1.813806 
1.744225 
1.703993 
1.751459 
1.735309 
1.748091 
1.655245 
1.727244 
1.775031 
1.777772 
1.761269 
1.650057 
1.740938 
1.766177 
1.740633 
1.751116 
1.722865 
1.789690 
1.691879 
1.767856 
1.730125 
1.725750 
1.711999 
1.712171 
1.770394 
1.694210 
1.809394 
1.729777 
1.764812 
1.766143 
1.763656 
1.808126 
1.717318 
1.788436 
1.821736 
1.727983 
1.737675 
1.772353 
1.701161 
1.737500 
1.796647 
1.774333 
1.783996 
1.707441 
1.705509 
1.725053 
1.760759 
1.764513 
1.770728 
1.716478 
1.706603 
1.701751 
1.789114 
1.741976 
1.737599 
1.708933 
1.747205 
1.784765 
1.766284 
1.743065 
1.776741 
1.757664 
1.809677 
1.757207 
1.743681 
1.719148 
1.783830 
1.823825 
1.744049 
1.735644 
1.707762 
1.692524 
1.802743 
1.727144 
1.718191 
1.732801 
1.751138 
1.718601 
1.717225 
1.784588 
1.796509 
1.774890 
1.751919 
1.730181 
1.801775 
1.767311 
1.767975 
1.755769 
1.838572 
1.758965 
1.763900 
1.740474 
1.766286 
1.715076 
1.747471 
1.775666 
1.682332 
1.685510 
1.705092 
1.742611 
1.727772 
1.758560 
1.785285 
1.727525 
1.709008 
1.750637 
1.795177 
1.703194 
1.739445 
1.772019 
1.814369 
1.725847 
1.772829 
1.735972 
1.738705 
1.692449 
1.758113 
1.762585 
1.721649 
1.768226 
1.712320 
1.745286 
1.768673 
1.720494 
1.707011 
1.743589 
1.744344 
1.743974 
1.761321 
1.741476 
1.713380 
1.776387 
1.717070 
1.760702 
1.711470 
1.799833 
1.725552 
1.731126 
1.721474 
1.746647 
1.764600 
1.805994 
1.731859 
1.719098 
1.717684 
1.763512 
1.762096 
1.685782 
1.696523 
1.799725 
1.738735 
1.741761 
1.732038 
1.835763 
1.689580 
1.801552 
1.759313 
1.771996 
1.859210 
1.779424 
1.771869 
1.733826 
1.734070 
1.768972 
1.728241 
1.696986 
1.746020 
1.754211 
1.757118 
1.706206 
1.763457 
1.778453 
1.784423 
1.709487 
1.759580 
1.684708 
1.738275 
1.784943 
1.737249 
1.748701 
1.688872 
1.705953 
1.649083 
1.775380 
1.749944 
1.771375 
1.715607 
1.700964 
1.764947 
1.790510 
1.786384 
1.744973 
1.696820 
1.764337 
1.724054 
1.694646 
1.767580 
1.782291 
1.751882 
1.683491 
1.683211 
1.716796 
1.720975 
1.746496 
1.758217 
1.725117 
1.719657 
1.748804 
1.743986 
1.706469 
1.722845 
1.729325 
1.757555 
1.682547 
1.755238 
1.754453 
1.760737 
1.784418 
1.748911 
1.703921 
1.683902 
1.771838 
1.725971 
1.740710 
1.802014 
1.684877 
1.761802 
1.756639 
1.730290 
1.800001 
1.764617 
1.688240 
1.710551 
1.787725 
1.792522 
1.710688 
1.685906 
1.765209 
1.772976 
1.738320 
1.778383 
1.733231 
1.704084 
1.667266 
1.685653 
1.746287 
1.771971 
1.754447 
1.705062 
1.764140 
1.739631 
1.800959 
1.789704 
1.776333 
1.734090 
1.740271 
1.740548 
1.730666 
1.735107 
1.716542 
1.762410 
1.761103 
1.746678 
1.717297 
1.718639 
1.707084 
1.763849 
1.724245 
1.843869 
